180 Second Run 1 Complete
Best Path found: ([22, 28, 27, 25, 19, 24, 26, 23, 15, 13, 12, 8, 6, 2, 3, 7, 4, 0, 1, 5, 9, 10, 11, 14, 18, 17, 16, 20, 21], 27603.0)

180 Second Run 2 Complete
Best Path found: ([10, 9, 5, 1, 0, 4, 7, 3, 2, 6, 8, 12, 13, 15, 23, 26, 24, 19, 25, 27, 28, 22, 21, 20, 16, 17, 18, 14, 11], 27603.0)

180 Second Run 3 Complete
Best Path found: ([20, 21, 22, 28, 27, 25, 19, 24, 26, 23, 15, 13, 12, 8, 6, 2, 3, 7, 4, 0, 1, 5, 9, 10, 11, 14, 18, 17, 16], 27603.0)

180 Second Run 4 Complete
Best Path found: ([19, 25, 27, 28, 22, 21, 20, 16, 17, 18, 14, 11, 10, 9, 5, 1, 0, 4, 7, 3, 2, 6, 8, 12, 13, 15, 23, 26, 24], 27603.0)

180 Second Run 5 Complete
Best Path found: ([28, 22, 21, 20, 16, 17, 18, 14, 11, 10, 9, 5, 1, 0, 4, 7, 3, 2, 6, 8, 12, 13, 15, 23, 26, 24, 19, 25, 27], 27603.0)

180 Second Run 6 Complete
Best Path found: ([25, 19, 24, 26, 23, 15, 13, 12, 8, 6, 2, 3, 7, 4, 0, 1, 5, 9, 10, 11, 14, 18, 17, 16, 20, 21, 22, 28, 27], 27603.0)

180 Second Run 7 Complete
Best Path found: ([27, 28, 22, 21, 20, 16, 17, 18, 14, 11, 10, 9, 5, 1, 0, 4, 7, 3, 2, 6, 8, 12, 13, 15, 23, 26, 24, 19, 25], 27603.0)

180 Second Run 8 Complete
Best Path found: ([5, 9, 10, 11, 14, 18, 17, 16, 20, 21, 22, 28, 27, 25, 19, 24, 26, 23, 15, 13, 12, 8, 6, 2, 3, 7, 4, 0, 1], 27603.0)

180 Second Run 9 Complete
Best Path found: ([26, 23, 15, 13, 12, 8, 6, 2, 3, 7, 4, 0, 1, 5, 9, 10, 11, 14, 18, 17, 16, 20, 21, 22, 28, 27, 25, 19, 24], 27603.0)

180 Second Run 10 Complete
Best Path found: ([21, 22, 28, 27, 25, 19, 24, 26, 23, 15, 13, 12, 8, 6, 2, 3, 7, 4, 0, 1, 5, 9, 10, 11, 14, 18, 17, 16, 20], 27603.0)


Average 27603.0
Standard Deviation 0.0
