Simulation 1 Complete
Path found: ([13, 15, 23, 26, 24, 19, 25, 27, 28, 22, 21, 20, 16, 17, 18, 14, 11, 10, 9, 5, 1, 0, 4, 7, 3, 2, 6, 8, 12], 27603.0)
Best known path: ([13, 15, 23, 26, 24, 19, 25, 27, 28, 22, 21, 20, 16, 17, 18, 14, 11, 10, 9, 5, 1, 0, 4, 7, 3, 2, 6, 8, 12], 27603.0) 


Simulation 2 Complete
Path found: ([14, 11, 10, 9, 5, 1, 0, 4, 7, 3, 2, 6, 8, 12, 13, 16, 20, 21, 22, 28, 27, 25, 24, 26, 23, 15, 19, 17, 18], 28593.0)
Best known path: ([13, 15, 23, 26, 24, 19, 25, 27, 28, 22, 21, 20, 16, 17, 18, 14, 11, 10, 9, 5, 1, 0, 4, 7, 3, 2, 6, 8, 12], 27603.0) 


Simulation 3 Complete
Path found: ([13, 16, 19, 15, 23, 26, 24, 25, 27, 28, 20, 22, 21, 17, 18, 14, 11, 10, 9, 5, 1, 0, 4, 7, 3, 2, 6, 8, 12], 27750.0)
Best known path: ([13, 15, 23, 26, 24, 19, 25, 27, 28, 22, 21, 20, 16, 17, 18, 14, 11, 10, 9, 5, 1, 0, 4, 7, 3, 2, 6, 8, 12], 27603.0) 


Simulation 4 Complete
Path found: ([1, 5, 9, 10, 14, 18, 17, 16, 20, 21, 22, 28, 27, 25, 19, 24, 26, 23, 15, 13, 12, 11, 7, 8, 6, 2, 3, 4, 0], 28044.0)
Best known path: ([13, 15, 23, 26, 24, 19, 25, 27, 28, 22, 21, 20, 16, 17, 18, 14, 11, 10, 9, 5, 1, 0, 4, 7, 3, 2, 6, 8, 12], 27603.0) 


Simulation 5 Complete
Path found: ([20, 21, 22, 28, 27, 25, 19, 24, 26, 23, 15, 13, 11, 10, 9, 5, 1, 0, 4, 7, 3, 2, 6, 8, 12, 14, 18, 17, 16], 28871.0)
Best known path: ([13, 15, 23, 26, 24, 19, 25, 27, 28, 22, 21, 20, 16, 17, 18, 14, 11, 10, 9, 5, 1, 0, 4, 7, 3, 2, 6, 8, 12], 27603.0) 


Simulation 6 Complete
Path found: ([9, 10, 11, 14, 18, 17, 19, 24, 26, 23, 15, 25, 27, 28, 22, 21, 20, 16, 13, 12, 8, 6, 2, 3, 7, 4, 0, 1, 5], 28958.0)
Best known path: ([13, 15, 23, 26, 24, 19, 25, 27, 28, 22, 21, 20, 16, 17, 18, 14, 11, 10, 9, 5, 1, 0, 4, 7, 3, 2, 6, 8, 12], 27603.0) 


Simulation 7 Complete
Path found: ([1, 0, 4, 7, 3, 2, 6, 8, 12, 13, 16, 20, 21, 22, 28, 27, 25, 19, 15, 23, 26, 24, 17, 18, 14, 11, 10, 9, 5], 29083.0)
Best known path: ([13, 15, 23, 26, 24, 19, 25, 27, 28, 22, 21, 20, 16, 17, 18, 14, 11, 10, 9, 5, 1, 0, 4, 7, 3, 2, 6, 8, 12], 27603.0) 


Simulation 8 Complete
Path found: ([23, 15, 13, 12, 8, 6, 2, 3, 7, 4, 0, 1, 5, 9, 10, 11, 14, 18, 17, 16, 20, 21, 22, 28, 27, 25, 19, 24, 26], 27603.0)
Best known path: ([13, 15, 23, 26, 24, 19, 25, 27, 28, 22, 21, 20, 16, 17, 18, 14, 11, 10, 9, 5, 1, 0, 4, 7, 3, 2, 6, 8, 12], 27603.0) 


Simulation 9 Complete
Path found: ([10, 9, 5, 1, 0, 4, 7, 3, 2, 6, 8, 12, 13, 15, 23, 26, 24, 19, 25, 27, 28, 22, 21, 20, 16, 17, 18, 14, 11], 27603.0)
Best known path: ([13, 15, 23, 26, 24, 19, 25, 27, 28, 22, 21, 20, 16, 17, 18, 14, 11, 10, 9, 5, 1, 0, 4, 7, 3, 2, 6, 8, 12], 27603.0) 


Simulation 10 Complete
Path found: ([7, 11, 12, 13, 16, 20, 21, 22, 28, 27, 25, 15, 23, 26, 24, 19, 17, 18, 14, 10, 9, 5, 1, 0, 4, 3, 2, 6, 8], 29399.0)
Best known path: ([13, 15, 23, 26, 24, 19, 25, 27, 28, 22, 21, 20, 16, 17, 18, 14, 11, 10, 9, 5, 1, 0, 4, 7, 3, 2, 6, 8, 12], 27603.0) 


Average 28350.7
Standard Deviation 704.3911555378872

